30 157 4
30 158 7
32 97 5
89 378 3
674 675 11
34 37 14
32 99 8
32 100 3
27 255 3
34 39 8
154 416 5
32 103 4
154 418 5
32 105 4
32 106 3
34 45 9
98 109 4
98 111 6
30 172 17
34 49 6
225 273 3
32 117 3
30 180 6
27 274 4
35 27 4
34 59 17
27 279 4
98 127 6
357 291 5
154 441 3
419 420 3
550 455 5
163 164 5
611 612 3
35 37 5
33 99 13
419 421 3
30 193 5
30 194 3
89 413 3
32 133 7
27 288 48
34 73 3
229 172 3
34 74 3
32 136 6
159 295 6
96 203 17
355 367 6
90 390 20
30 203 5
28 269 11
32 146 3
27 301 51
25 363 3
27 302 3
35 56 7
90 399 15
35 57 3
90 400 14
87 494 4
92 339 4
34 90 4
31 185 3
94 281 17
159 314 5
30 218 15
233 70 3
420 421 3
676 677 4
34 100 6
355 389 6
30 226 4
494 178 4
28 295 5
35 81 3
94 300 8
32 175 3
26 363 3
494 191 4
34 116 4
32 179 4
27 334 48
221 464 7
154 493 3
221 465 7
559 227 3
221 466 7
622 323 18
28 306 3
349 595 4
30 246 6
221 470 3
349 599 3
27 343 4
34 128 3
28 314 4
484 515 3
34 130 7
32 193 3
37 38 10
293 294 4
485 486 19
88 505 6
236 13 16
100 133 3
165 166 3
32 194 4
485 487 14
88 506 6
236 14 5
165 167 3
613 615 7
485 488 14
88 507 6
354 453 3
165 168 3
35 104 3
32 197 4
36 75 3
35 106 3
37 45 25
37 46 3
99 172 49
37 47 4
86 576 3
100 142 5
33 172 13
37 49 3
228 272 3
32 205 11
357 370 5
32 207 3
291 370 5
349 620 3
24 456 3
37 55 6
37 56 9
35 119 4
100 152 3
37 58 21
34 152 8
37 59 13
36 91 4
31 246 4
30 278 7
27 373 4
34 157 3
94 346 3
553 455 5
486 487 14
678 679 5
166 167 3
358 359 5
32 226 3
486 488 14
354 484 3
166 168 3
550 553 5
35 137 3
550 556 5
36 107 4
38 45 13
159 390 20
37 78 6
429 216 3
94 365 5
159 399 15
159 400 14
32 243 4
429 225 5
99 218 48
33 218 13
31 282 4
35 159 3
37 100 7
231 232 3
37 102 4
487 488 17
551 552 3
354 515 3
167 168 3
31 289 3
37 104 3
36 136 7
32 263 14
357 432 4
37 114 3
27 424 3
32 270 4
39 54 13
93 431 3
229 312 3
295 314 4
89 557 8
104 95 4
697 145 3
101 190 7
101 191 7
33 252 7
101 192 7
104 100 5
31 318 7
31 319 7
360 361 5
680 681 4
357 455 4
35 204 3
104 114 3
89 581 21
89 582 21
89 583 20
231 280 6
39 88 7
94 431 3
89 586 3
40 58 5
39 89 9
32 307 3
40 59 5
89 589 7
37 154 4
34 249 3
34 250 3
32 313 5
97 347 4
556 455 5
101 225 3
32 318 7
40 70 3
171 105 10
99 289 3
32 319 7
38 133 3
489 490 5
226 451 3
553 556 6
37 171 14
40 79 3
37 175 13
357 495 4
40 83 4
40 84 3
35 240 3
34 275 3
32 340 3
96 404 3
32 341 3
30 404 3
40 98 3
32 347 4
99 318 7
40 100 6
28 472 5
99 319 7
228 418 5
40 104 4
554 555 3
682 683 4
37 201 3
40 108 5
104 173 8
173 84 4
37 206 3
30 425 3
43 24 6
40 120 3
226 498 6
43 28 3
40 121 3
173 95 7
37 216 3
32 372 4
37 219 5
43 34 4
43 35 3
37 221 3
43 37 10
40 130 4
108 70 17
40 131 6
31 414 4
37 229 3
491 492 3
30 451 3
37 235 7
37 236 3
362 401 3
362 402 7
43 52 5
37 239 3
43 54 4
43 55 3
37 241 12
43 56 4
43 57 3
39 181 3
37 245 3
504 104 3
43 60 3
37 246 3
43 65 5
299 321 4
43 67 3
41 129 3
108 100 5
109 70 9
354 667 5
43 69 3
231 385 4
491 517 3
299 325 4
299 327 4
356 613 8
684 685 12
43 77 3
356 615 11
356 619 7
37 270 4
356 621 3
37 271 17
36 303 6
40 182 3
100 371 3
37 277 3
169 281 4
34 371 4
32 434 12
32 435 13
241 105 11
43 100 8
492 517 3
45 40 3
109 105 3
43 104 5
34 384 3
159 606 3
237 238 6
108 142 4
100 390 4
32 451 3
38 268 3
171 241 60
43 116 4
108 149 33
43 118 8
41 180 4
503 194 3
43 120 4
44 89 4
172 218 48
40 214 4
109 127 4
39 250 3
111 70 3
106 225 3
436 237 6
436 238 6
46 47 3
108 173 12
301 334 48
100 422 3
43 145 8
234 368 6
686 693 4
234 369 3
42 179 4
159 648 14
45 88 4
37 338 16
37 339 3
114 0 4
225 655 3
114 1 4
114 2 4
306 194 3
114 3 4
114 4 4
114 5 3
37 345 4
624 580 5
38 317 3
111 106 3
34 450 23
37 358 5
559 560 4
37 359 5
559 561 4
502 280 4
226 646 6
44 146 3
172 275 3
46 86 4
45 117 4
687 698 3
229 562 3
47 65 4
625 580 5
374 172 3
367 389 8
112 105 30
112 113 3
496 497 3
560 561 4
368 369 3
688 689 4
624 625 14
697 415 3
47 86 3
112 121 4
112 123 29
172 312 3
98 558 3
48 61 18
108 262 3
96 635 6
39 362 3
45 177 3
107 303 3
115 56 3
228 649 3
108 281 8
108 282 4
374 229 3
36 467 4
375 199 3
375 200 3
100 536 3
40 349 3
173 324 3
112 172 5
40 356 4
37 449 4
577 97 12
108 300 8
434 435 13
112 178 13
234 493 3
40 364 5
306 314 3
39 401 3
39 402 4
178 191 3
45 219 3
37 468 4
37 469 3
45 222 4
43 285 8
45 223 5
315 47 3
426 702 4
108 324 20
379 119 4
40 390 9
578 97 13
100 580 3
498 530 3
499 500 3
563 564 3
627 628 7
691 692 3
627 629 7
40 397 3
44 279 3
108 346 3
53 6 3
115 138 4
111 262 6
694 622 3
247 145 5
368 493 3
579 97 13
174 366 4
308 309 9
108 365 11
628 629 7
40 426 3
374 312 3
516 6 3
40 427 3
692 699 11
692 700 13
252 6 15
104 499 3
252 7 6
104 500 3
100 624 3
252 8 6
44 313 4
52 65 7
100 625 3
45 284 4
114 194 4
52 70 4
100 630 3
47 226 6
40 443 23
40 444 24
40 445 20
40 446 19
40 447 19
40 448 19
245 243 3
437 438 5
44 340 3
44 342 5
442 295 3
694 676 3
45 316 5
694 677 3
40 480 3
45 329 3
53 82 6
100 673 25
243 339 4
310 311 3
566 567 3
108 431 3
314 194 3
382 137 14
46 315 3
44 378 3
498 646 6
45 358 5
45 359 5
118 145 8
104 580 4
115 242 4
104 584 4
631 632 4
695 696 3
54 88 7
54 89 7
315 196 3
55 67 3
374 419 3
374 420 3
374 421 3
236 603 16
56 40 3
236 604 16
44 413 3
56 45 3
239 520 3
239 521 3
170 617 4
47 335 3
47 336 3
54 119 5
56 58 3
47 337 6
306 503 3
55 95 4
177 409 8
177 410 8
44 437 5
512 265 8
44 438 5
382 201 14
177 412 8
55 104 6
171 607 3
114 329 7
105 608 3
320 89 3
176 459 4
580 226 6
56 89 6
569 570 5
505 506 6
505 507 6
323 10 16
111 440 3
383 201 15
108 536 3
56 101 6
52 225 4
56 102 3
119 199 4
176 482 4
386 119 4
111 458 4
313 340 3
108 554 5
56 119 3
54 181 3
56 121 3
506 507 6
56 132 3
58 70 3
123 105 30
55 171 6
181 362 3
55 173 6
56 145 11
125 56 3
125 58 13
54 214 3
251 252 5
443 444 23
54 215 3
699 700 11
125 63 6
443 445 20
443 446 19
378 413 3
443 447 19
443 448 19
56 159 3
53 252 3
118 285 8
251 259 4
45 501 3
58 101 13
108 600 7
315 328 3
50 352 12
56 174 5
320 182 5
181 401 3
108 616 3
120 244 6
58 119 5
181 402 3
56 182 3
194 0 4
636 634 4
194 1 4
194 2 4
58 123 13
444 445 20
194 3 4
572 573 4
444 446 19
194 4 4
444 447 19
194 5 3
444 448 19
50 376 3
125 100 4
315 354 3
251 291 5
247 415 3
59 100 8
380 391 4
715 246 5
241 607 3
108 634 3
184 328 11
56 201 4
181 422 3
124 146 7
124 147 7
55 241 6
125 123 12
125 126 3
253 254 9
445 446 19
509 510 4
445 447 19
181 439 3
509 511 4
253 256 8
445 448 19
253 257 8
58 159 4
125 132 4
649 272 4
252 291 5
125 135 4
457 86 9
59 139 5
392 59 6
58 175 13
125 148 3
59 152 6
56 247 4
111 590 5
56 248 3
190 191 8
382 383 14
446 447 19
574 575 3
638 639 5
318 319 7
510 511 4
190 192 8
254 256 9
58 188 3
446 448 19
254 257 9
125 160 3
58 190 6
125 161 3
111 595 6
58 191 6
111 596 3
125 163 4
58 192 6
125 164 4
638 647 6
125 170 6
56 261 3
58 199 4
125 171 3
56 265 3
638 656 3
251 370 5
56 273 3
111 620 3
62 92 4
574 605 3
56 281 4
191 192 8
447 448 19
703 704 3
639 647 5
315 453 3
125 202 3
63 78 4
127 144 4
125 208 5
252 367 8
54 362 3
252 370 5
113 585 3
126 184 3
247 531 3
528 13 6
314 503 3
0 1 4
256 257 9
54 375 3
640 641 17
0 2 4
640 642 4
0 3 4
640 643 3
0 4 4
0 5 3
54 379 5
185 414 4
63 101 3
254 326 8
315 484 3
244 637 6
252 389 8
63 105 4
56 322 8
261 111 3
393 119 5
126 208 3
189 306 3
49 551 3
49 552 3
54 401 3
53 432 4
54 402 3
513 514 3
577 578 12
641 642 4
705 706 4
1 3 4
577 579 12
641 643 3
1 4 4
1 5 3
49 565 3
321 325 3
321 327 3
63 135 30
56 352 7
315 515 3
580 498 6
64 111 3
125 272 3
449 468 4
449 469 3
125 276 3
189 343 5
329 100 4
132 64 3
2 1 4
254 381 5
2 3 4
578 579 13
642 643 3
2 4 4
720 274 3
2 5 3
132 81 3
316 522 3
264 88 5
56 394 3
66 86 4
264 102 3
322 352 7
184 534 12
393 199 4
184 535 12
132 100 7
195 196 3
387 388 5
707 708 5
3 5 3
258 299 5
132 111 3
66 111 4
53 516 3
130 180 4
62 243 4
53 525 3
53 526 3
328 196 3
66 127 14
398 75 8
4 3 4
258 321 4
246 693 3
4 5 3
644 645 7
125 351 3
258 325 5
580 584 5
258 327 5
58 386 3
252 516 3
264 145 6
516 525 3
516 526 3
186 518 3
186 519 3
58 393 4
265 120 3
132 148 3
59 364 7
252 525 3
252 526 3
130 214 4
132 163 3
132 164 3
581 582 21
709 710 3
325 327 6
581 583 20
264 171 3
581 589 7
63 267 4
59 398 4
196 252 8
250 627 4
250 628 4
250 629 4
59 407 4
59 408 4
58 439 3
264 198 4
453 484 3
6 7 6
582 583 20
518 519 3
6 8 6
580 646 6
69 104 4
132 201 4
64 261 3
130 263 4
248 701 3
195 297 3
582 589 7
59 422 3
269 60 8
59 428 4
63 305 3
335 65 3
252 591 15
65 245 3
252 592 15
62 339 5
583 572 4
252 593 14
583 573 4
252 594 15
657 330 3
268 104 3
122 536 5
453 515 3
189 509 4
199 200 3
189 510 4
7 8 6
711 712 3
189 511 4
58 480 3
583 589 7
125 452 4
66 243 4
336 65 3
64 307 3
260 377 3
326 381 5
268 133 3
458 387 6
137 99 3
458 388 5
398 201 4
63 350 3
261 356 3
132 261 3
520 521 3
128 389 3
120 637 6
455 495 4
121 614 3
137 119 3
70 149 8
264 280 4
603 14 5
398 231 10
328 354 3
196 354 3
196 355 6
9 10 16
73 74 3
713 714 4
662 248 3
133 263 5
73 76 3
713 716 4
69 201 4
196 367 8
206 58 3
267 216 5
127 463 3
604 14 5
398 268 8
201 231 13
650 651 7
196 389 8
650 652 7
714 716 7
533 184 13
715 686 5
136 203 6
65 363 3
130 397 9
719 572 4
719 573 4
405 70 3
261 440 4
133 317 3
719 583 4
268 229 3
266 292 3
66 349 4
602 119 6
137 201 15
11 12 5
331 332 58
395 396 3
587 588 4
651 652 6
523 524 3
73 139 3
132 360 5
132 361 5
63 452 4
601 159 17
650 690 3
403 162 15
75 91 3
139 156 3
68 310 3
336 194 3
73 156 3
68 311 3
471 108 3
459 482 4
132 380 4
64 440 3
473 52 3
328 453 3
76 74 3
75 107 3
140 141 4
460 461 5
196 453 3
132 391 4
665 252 21
602 159 19
666 226 6
263 434 13
263 435 14
62 527 3
657 514 3
474 52 3
328 484 3
273 142 3
267 330 5
196 484 3
13 14 5
525 526 3
653 654 7
717 718 3
138 242 4
542 14 3
268 317 3
337 226 6
132 440 3
75 159 6
324 634 5
324 636 4
328 515 3
331 423 6
70 324 17
77 108 17
196 515 3
142 143 4
66 454 7
590 595 5
590 596 3
66 458 4
398 407 7
398 408 11
77 120 8
66 462 4
133 434 5
133 435 5
328 535 11
398 415 6
79 66 14
533 328 11
79 70 3
328 543 3
264 481 4
398 428 7
15 16 3
399 400 14
335 336 3
591 592 15
72 298 3
336 306 3
591 593 14
591 594 15
462 498 3
458 626 6
336 314 3
203 344 4
264 502 4
66 498 3
264 505 5
264 506 5
534 328 11
79 98 6
264 507 5
264 508 3
140 258 4
477 52 3
330 514 3
78 135 3
69 415 3
69 417 7
79 109 4
79 111 3
464 465 7
592 593 14
464 466 7
78 145 4
462 530 3
276 160 3
136 404 4
276 161 3
406 228 6
79 127 43
66 530 3
528 546 6
141 258 6
478 52 3
137 383 14
411 82 3
79 135 3
72 353 10
722 684 12
329 580 5
722 685 12
72 357 3
135 452 3
140 299 3
68 483 3
17 18 4
209 210 8
75 268 8
401 402 3
465 466 7
17 19 4
209 211 8
139 333 3
17 20 4
209 212 8
271 338 16
209 213 8
73 333 3
203 404 3
479 52 3
81 104 3
130 633 8
140 325 5
81 106 3
140 327 5
398 523 3
141 299 5
398 524 3
594 592 15
594 593 14
18 19 4
210 211 8
658 659 4
146 147 7
18 20 4
210 212 8
398 529 3
210 213 8
75 303 3
81 119 3
329 623 3
329 624 14
529 568 5
329 625 16
141 321 4
603 338 6
141 325 5
141 327 5
9 323 20
19 20 4
83 84 3
211 212 8
83 85 3
211 213 8
201 529 3
398 568 3
201 532 3
79 220 3
77 282 4
81 159 6
475 237 6
475 238 6
596 595 3
468 469 3
212 213 8
660 661 4
83 122 3
660 668 3
660 669 4
660 670 3
84 95 4
148 163 3
201 568 3
83 131 4
148 164 3
666 498 7
21 22 4
533 534 12
597 598 3
533 535 11
78 305 3
348 130 4
336 503 3
661 668 3
70 558 3
661 669 4
661 670 3
145 285 8
349 111 17
21 48 21
214 215 3
534 535 11
150 151 3
6 525 3
21 61 18
6 526 3
406 416 5
276 351 3
406 418 5
22 38 4
415 145 4
665 591 15
665 592 15
665 593 14
138 547 34
665 594 15
22 48 4
23 24 4
407 408 7
663 664 3
23 27 3
23 28 4
22 61 4
146 313 3
134 687 4
666 580 6
79 349 4
606 397 3
70 634 5
134 698 4
407 428 7
70 636 4
155 50 12
23 49 3
548 162 15
88 89 7
146 340 3
24 35 9
24 37 3
23 70 4
24 40 3
203 635 6
550 119 3
408 428 7
22 108 6
24 52 5
342 437 5
24 56 9
342 438 5
25 26 38
153 154 3
409 410 8
473 474 3
601 602 18
351 160 3
537 538 3
24 58 4
471 537 3
351 161 3
537 539 3
409 412 8
471 538 3
473 477 3
471 539 3
473 478 3
473 479 3
24 63 4
415 231 5
272 571 3
24 68 3
666 646 6
24 70 44
22 133 3
154 137 3
24 72 5
24 78 3
24 79 13
24 81 4
475 436 6
24 82 3
153 181 3
24 87 3
22 149 3
24 88 3
538 539 3
24 90 3
410 412 8
155 126 3
474 477 3
474 478 3
416 228 5
474 479 3
25 65 3
349 262 4
136 721 3
24 98 23
24 99 4
24 101 3
24 102 3
216 295 3
24 104 4
24 105 3
24 106 3
24 108 15
24 109 17
21 203 4
24 111 6
221 148 7
224 56 3
24 114 3
549 225 3
622 10 16
86 243 4
24 119 5
79 463 3
475 476 3
603 604 18
26 65 3
24 127 12
93 37 4
27 37 11
87 225 4
23 162 3
24 134 3
24 135 3
357 53 5
91 107 4
153 234 3
27 45 7
216 330 5
214 397 3
24 144 4
149 365 8
24 149 3
27 56 18
24 150 5
24 151 3
540 541 5
668 669 3
668 670 3
9 622 23
27 65 3
154 228 5
92 103 4
224 108 4
24 165 3
357 82 5
24 166 3
24 167 3
24 168 3
154 234 6
27 77 4
24 173 3
28 49 3
154 245 3
159 90 38
82 432 4
28 60 7
29 30 10
93 94 9
477 478 3
669 670 3
93 95 3
477 479 3
22 260 5
224 142 12
93 108 6
224 143 3
22 264 3
22 266 4
13 546 6
22 268 3
159 119 20
149 431 3
148 464 7
148 465 7
148 466 8
30 31 7
24 217 3
222 223 4
286 287 8
478 479 3
30 32 46
81 499 3
542 544 5
149 439 3
30 33 13
81 500 3
542 545 5
30 34 6
24 220 8
30 35 4
30 37 8
30 38 9
30 39 4
27 132 3
30 40 8
30 41 7
22 290 4
94 108 43
22 292 3
14 544 3
14 545 3
30 52 3
216 430 3
30 53 4
93 149 4
216 433 3
27 154 4
31 32 8
671 672 3
216 442 4
21 344 4
31 36 7
22 317 3
31 40 13
30 71 3
27 169 3
24 262 4
13 603 19
548 403 15
13 604 18
30 80 3
27 174 3
27 176 3
27 177 7
94 149 11
153 368 3
32 24 3
153 369 3
355 252 6
27 182 3
30 90 3
27 183 5
222 284 4
27 186 3
27 187 3
160 161 3
27 188 3
544 545 5
32 34 21
30 96 5
27 189 4
416 418 5
32 35 3
24 283 4
28 159 5
32 37 30
30 99 16
32 38 25
30 100 3
32 39 13
32 40 3
686 246 9
89 322 6
32 42 11
32 43 5
27 198 3
32 44 4
32 45 15
288 301 48
349 458 4
32 46 3
27 201 4
32 47 3
27 202 3
24 296 3
32 49 4
32 50 4
24 298 3
32 51 4
694 9 3
32 53 5
32 54 8
154 368 9
157 275 3
154 369 3
92 243 4
24 304 5
32 58 3
89 339 3
32 59 12
357 225 4
223 284 4
32 62 3
30 124 7
618 329 3
32 64 3
609 610 4
32 66 4
30 129 3
22 377 3
31 99 14
98 70 6
155 352 12
27 225 4
429 52 3
89 352 6
27 227 18
96 136 3
27 228 4
30 136 7
27 230 3
24 324 4
288 334 48
31 110 4
32 80 3
156 333 3
30 146 7
91 303 3
30 147 7
32 86 4
357 251 10
149 555 3
357 252 8
32 88 7
158 278 7
32 89 9
27 244 4
32 90 4
27 245 5
32 92 3
154 406 5
27 248 3
357 259 4
